top1_accuracy = 0.0, top6_accuracy = 0.25, top10_accuracy = 0.5, Error = 0, ROUGE = 0.336113345550773
top1_accuracy = 0.0, top6_accuracy = 0.25, top10_accuracy = 0.5, Error = 0, ROUGE = 0.336113345550773
